17 01 2013 17 59 00          0          0          0          0                 
17 01 2013 17 59 00          0          0          0          0                 
18 01 2013 09 25 00          0          0          0          0                 
11 02 2013 19 12 23 42.3115501 99.9616013         33       -999                 
11 02 2013 11 03 33 -18.198366  46.446373         25 2.21924472                 
11 02 2013 23 02 49 -18.976974 46.6902504         25 1.90194857                 
11 02 2013 21 47 51 -17.796352 48.7672729         25 2.44926858                 
11 02 2013 17 02 54 -19.054066 46.7267799          2  1.4337188                 
12 02 2013 01 23 22 -15.626033 166.359528         33       -999                 
12 02 2013 11 36 44 -19.652861 47.0246239          2 1.89647579                 
12 02 2013 17 32 17 -18.990887 46.7129059         25 1.49527133                 
12 02 2013 11 26 05 -19.839233 46.8720207         25 2.35742283                 
12 02 2013 06 37 51 -19.004719 46.7013817         25 1.59377503                 
12 02 2013 08 58 02 -20.659039 46.7525024          2 2.90105343                 
12 02 2013 22 25 18 -10.163651  129.07634         33       -999                 
13 02 2013 07 10 41 -16.562071 45.5248795         25 2.71896958                 
13 02 2013 21 03 21 -18.972092 46.7730598          2 1.36122751                 
13 02 2013 05 21 28 -7.1230092 129.530884         33       -999                 
13 02 2013 14 00 46 -17.846994 47.9397469         25   2.921386                 
13 02 2013 01 07 50 -53.553593 -27.672928         33       -999                 
13 02 2013 10 49 41 23.8747578 -135.07097         33       -999                 
14 02 2013 06 44 10  -18.75293 47.6611404         25  1.1494354                 
14 02 2013 07 23 24 -24.578411 49.5281029        200 3.74176502                 
14 02 2013 22 05 36 -18.928005 46.7154121        100  1.7304703                 
14 02 2013 20 21 46 -19.996376 46.6177979          2 2.21969771                 
14 02 2013 13 12 13 49.6703529 -150.60536         33       -999                 
15 02 2013 03 13 37 -40.286888 104.608459         33       -999                 
15 02 2013 17 40 02 -18.630661 45.9812927          2 1.84812021                 
15 02 2013 13 52 01 -18.018404 46.4644279         25 2.26128244                 
15 02 2013 09 12 58 -19.302668   46.25914         25  1.8468231                 
16 02 2013 00 54 17 -17.761997 48.7707138         60 2.53297138                 
16 02 2013 01 21 25 -23.859697 51.3576202         25 3.71789241                 
16 02 2013 22 18 47 -19.044382 46.7389297         25 1.92247379                 
16 02 2013 04 37 27 3.53386569  126.56736         33       -999                 
16 02 2013 15 25 17 -.02703829 130.068588         33       -999                 
16 02 2013 01 19 14 -20.074852 81.2185364         33       -999                 
17 02 2013 02 28 18 -19.041601  46.746788         25 1.65368044                 
17 02 2013 01 34 44 38.6999092 71.9692307         33       -999                 
18 02 2013 15 19 45 -17.138145 48.3834534         25 3.22295713                 
18 02 2013 17 04 35 -19.853064  46.929657          2 2.03422379                 
18 02 2013 04 06 25  -23.27866 48.3306885          2 4.68515062                 
18 02 2013 22 40 33 -19.294716 46.9434395         25 1.58686745                 
18 02 2013 19 06 48 -17.909447 47.0279732         25 2.15938139                 
19 02 2013 03 30 38  -19.41013 46.8327637         25 1.40156853                 
19 02 2013 19 54 01 -18.225042 47.7732773          2 1.73168516                 
19 02 2013 07 19 44 -20.872654 45.8899612        200 2.74900484                 
19 02 2013 23 05 03 -19.094557 46.7226791          2 1.98107362                 
19 02 2013 21 29 19 -19.410923 46.7715797         25 1.76274645                 
20 02 2013 09 26 11 -19.053503 46.7497482         25 1.63897634                 
20 02 2013 11 58 37 -17.668528 47.0861702          2  2.3396461                 
20 02 2013 12 24 14 -19.084549 46.7285271          2 1.67142177                 
20 02 2013 23 18 21 -19.488527 47.9003448        200 2.06720543                 
20 02 2013 14 12 01 -18.120937 44.3521309          2  3.9318428                 
20 02 2013 16 43 44 -18.993523 46.7040634         25 2.28449941                 
20 02 2013 21 23 16 38.9747353  -109.3727         33       -999                 
20 02 2013 13 34 03 -19.059433 46.7369843         25 1.65429151                 
21 02 2013 07 27 13 -18.318783 46.5517464         25 3.13142872                 
21 02 2013 23 36 07 -18.983154 46.7545013         25 2.67708397                 
21 02 2013 23 06 58 -19.980917 47.0413055         25 2.05061436                 
22 02 2013 11 54 48 2.30496216 -107.52169         33       -999                 
22 02 2013 11 40 11 -18.468147 48.8109207         25 2.33131957                 
22 02 2013 01 21 05 -19.015034 46.7824593         25 2.84105229                 
22 02 2013 16 35 00       -999       -999       -999       -999                 
22 02 2013 03 50 55 -18.997332 46.7539978         25  1.6046983                 
22 02 2013 10 12 37 -19.268234 46.6597214         25 1.69656277                 
22 02 2013 12 04 16 -33.229443 -48.168434         33       -999                 
22 02 2013 01 49 17 -15.530659  46.401947        100 2.84263945                 
23 02 2013 11 09 29 -13.811447 127.923271         33       -999                 
23 02 2013 07 09 05 -17.354036 48.5479469          2 2.71451473                 
23 02 2013 03 50 43 -20.613686 47.7713585          2 2.67402911                 
23 02 2013 20 59 06 3.15277338  116.38752         33       -999                 
23 02 2013 08 08 35 -19.050213 46.7219925          2 1.43829119                 
23 02 2013 17 55 49 -16.678936 45.3863106         60 3.83773255                 
23 02 2013 06 24 11 -17.426517 48.7091522         60 2.82323837                 
24 02 2013 01 31 48 -17.740858 48.3606186         25 2.66715574                 
24 02 2013 04 59 58 -19.014669 46.7292595         25 1.44744718                 
24 02 2013 08 42 06 -17.338591 41.4536705          2 3.40512919                 
24 02 2013 17 59 59 -19.006155 46.7107925         25 1.54894137                 
24 02 2013 13 02 22 -11.307559 124.042709         33       -999                 
24 02 2013 14 49 16 -17.791655 45.6921844          2 2.64031887                 
24 02 2013 12 09 01 -16.652164 41.6838341          2 3.23132467                 
25 02 2013 02 15 27 -20.631765 47.7579117         25 2.50755692                 
25 02 2013 03 18 06 -20.546211 47.7732391          2 2.28229856                 
25 02 2013 03 32 51 -19.064274  46.715065          2 1.47533417                 
25 02 2013 04 08 49 -18.541132 46.0345306         60 1.63576186                 
25 02 2013 05 01 51 29.2539063 -155.27666         33       -999                 
25 02 2013 21 53 02 -18.861439 46.7526398         25 1.49242222                 
25 02 2013 10 28 20 -20.354589 48.6729965          2 2.39140868                 
25 02 2013 11 28 32 -29.727039 57.4128189         10  4.5377593                 
25 02 2013 11 29 00          0          0          0          0                 
25 02 2013 15 43 18 -19.357445  44.067131        200 2.71268249                 
25 02 2013 20 15 45 -17.568451  42.216774         10 3.22347736                 
25 02 2013 08 13 16 -18.630693 47.3545151         25 1.06356323                 
26 02 2013 05 15 49 -18.678381 47.3130531        100  1.3496654                 
26 02 2013 00 53 22 -18.986847 46.7469406         25 2.03887558                 
27 02 2013 08 26 34 -18.987288 46.7510109         25  1.4880327                 
27 02 2013 14 43 58 -19.042828 46.7485085         25       -999                 
27 02 2013 02 23 11 -18.121721 45.7065239         25 3.69552541                 
27 02 2013 22 02 14 -22.138456 45.5913696          2 2.79970503                 
27 02 2013 19 58 30 -18.270346 47.6349258          2 1.74368882                 
28 02 2013 11 58 17 -20.095371 47.6965408        100 2.06756449                 
28 02 2013 20 19 56 -17.786634 48.0976982         25 2.41423655                 
28 02 2013 14 30 25 -38.772789  48.226902         33       -999                 
28 02 2013 14 04 37 35.0801544 -154.25908         33       -999                 
01 03 2013 00 26 10 -17.029894 49.1780319         25 3.02842069                 
01 03 2013 00 35 24  -49.04604 -15.940589         33       -999                 
01 03 2013 01 21 02 -19.802448 47.2091942          2 1.68830645                 
01 03 2013 06 11 00 -18.877596 46.1945915        100 1.73277891                 
01 03 2013 09 03 26 -19.064859 46.7449799         25 1.54022622                 
01 03 2013 21 36 57 -18.185966 46.3693466         25 1.78752828                 
01 03 2013 11 03 02   -17.6612 47.1105728          2 2.57407594                 
01 03 2013 11 09 08 -19.359821 46.9270935         25 1.55879474                 
01 03 2013 13 19 50 42.7092514 -158.07068         33       -999                 
01 03 2013 21 14 43 -19.036152 46.7511368         25 1.25014496                 
01 03 2013 10 04 58 -17.075686 48.5456734          2  2.4090476                 
02 03 2013 07 18 39 -19.184862 46.5963402         25 1.49451005                 
02 03 2013 16 48 36  -21.91272 46.6332741          2 2.64685631                 
02 03 2013 17 43 08 -17.405024 46.6119728        100       -999                 
02 03 2013 01 52 39 -17.981512 48.4199028          2 2.12621927                 
02 03 2013 00 11 23 -.84543037 124.814224         33       -999                 
02 03 2013 01 33 04 14.7893715 75.8407974         33       -999                 
02 03 2013 18 38 38 -19.004839 46.7036591         25 1.61387646                 
03 03 2013 03 25 53 -13.456202 136.413055         33       -999                 
03 03 2013 03 48 48 -18.472515 48.2665558          2 1.95756078                 
03 03 2013 05 40 27 33.5084877 105.724327         33       -999                 
03 03 2013 18 04 30 -19.341698 47.0256729          2 1.96151626                 
03 03 2013 07 19 11 -18.680378 46.5177383         25 1.84551799                 
03 03 2013 09 15 30 -19.490093 47.0827141         60 1.54995739                 
03 03 2013 11 12 08 -17.624439 46.1378059         25 3.35032129                 
03 03 2013 07 00 28 -19.350498 47.0299072          2  1.3978312                 
04 03 2013 02 42 20 -18.160847 46.4226494          2 1.73464346                 
04 03 2013 07 57 43 -20.329184 46.7537689         25  3.1202879                 
04 03 2013 08 32 23 -19.385719 47.1953087          2 1.28786969                 
04 03 2013 12 05 30 -19.063276 46.7076111          2 1.26498795                 
04 03 2013 23 10 59 -20.194994  47.126236        200 1.81497836                 
04 03 2013 14 21 21 -18.779449 46.5275497         25 1.06983531                 
04 03 2013 17 08 35 -18.176636 46.3945045         25 1.82067323                 
04 03 2013 21 51 16 -17.618587 49.1178055        100 3.00800538                 
04 03 2013 12 28 21 -19.050827 46.7550507         25 1.52172017                 
05 03 2013 00 13 33 -16.630037 47.3045311         25 2.43018842                 
05 03 2013 00 55 31 -19.300913 46.9694061         25  1.4390949                 
05 03 2013 01 59 58 -12.683233 47.5885506          2 3.59328508                 
05 03 2013 15 09 35 -13.017147 47.1760292          2 4.17263269                 
05 03 2013 04 03 20 -19.052338 46.7394753         25 1.96620166                 
05 03 2013 05 27 46 -18.572193 46.7154655 36.6452408 2.45930934                 
05 03 2013 02 03 00          0          0          0          0                 
06 03 2013 00 24 02 -18.569918  46.725956 36.1120033  1.7972455                 
06 03 2013 08 24 21 -19.000607 47.5451164         25       -999                 
06 03 2013 17 46 53  -19.49238 46.4990501         25 3.01717496                 
06 03 2013 08 30 33 -18.608303 47.3510246         25 1.20089519                 
06 03 2013 07 31 39 -37.571434 37.9221916         33       -999                 
06 03 2013 08 48 15 -37.050934  39.444313         33       -999                 
06 03 2013 00 50 00 -18.193775  47.702755          2 1.90685177                 
06 03 2013 10 28 31 -59.073444 30.7471275         33       -999                 
06 03 2013 11 54 46 -14.683571 -135.14691         33       -999                 
06 03 2013 12 25 57 -34.983192 39.1320915         33       -999                 
06 03 2013 12 29 13  -37.22665 38.4553146         33       -999                 
06 03 2013 14 52 52 -18.562992 46.7165718 34.7596092 1.60333657                 
06 03 2013 21 39 06 31.5802593 110.166862         33       -999                 
06 03 2013 08 56 34 -51.345177 38.6509056         33       -999                 
07 03 2013 03 37 13 19.0757465  118.95491         33       -999                 
07 03 2013 06 39 33 -42.069656 36.7085266         33       -999                 
07 03 2013 21 45 35 -17.363699 48.7531471         25 2.49899244                 
07 03 2013 19 59 57 -22.669062  39.570858         25 3.80754232                 
07 03 2013 15 19 39 -17.891415 46.7651825        200 2.20947504                 
08 03 2013 14 25 17 -12.886595 49.6337433          2 3.90347672                 
08 03 2013 19 14 53 -17.816204 47.9967804         25 3.40986776                 
08 03 2013 15 23 59 -22.973156 40.1121101          2  3.8479321                 
08 03 2013 20 48 02 -19.280458 46.6839523         25 2.08084369                 
08 03 2013 21 00 29 -19.284395 46.6838074         25 2.07561803                 
09 03 2013 00 48 06 -16.516546 47.4744186          2 2.67274261                 
09 03 2013 06 47 16   -19.1089 46.6886063          2 1.64322257                 
09 03 2013 23 32 37 -18.344793 47.8104439         25 3.09379315                 
09 03 2013 20 14 22  -18.30479 47.6647758          2 1.84988189                 
09 03 2013 18 35 04 -20.590061 48.3993111         25  2.7970109                 
10 03 2013 00 39 58 -18.339111 47.5764923         60 2.28726935                 
10 03 2013 22 45 51 42.6714325 -161.96762         33       -999                 
10 03 2013 10 18 05 -2.1469238 -105.74615         33       -999                 
11 03 2013 07 12 30 -17.656378 48.5178642         60 2.88401532                 
11 03 2013 09 26 21 -19.103537 47.6275444          2 1.28022134                 
11 03 2013 12 45 55 32.2228928 104.376381         33       -999                 
11 03 2013 13 18 34  -17.56048 48.5311699         60 2.58860517                 
11 03 2013 14 23 21 -17.292498 47.8975296         25 2.81015754                 
11 03 2013 04 03 59 -18.703302 48.8380203         25 2.48602629                 
11 03 2013 17 42 16 -18.128084 46.0708084         25 2.63485193                 
11 03 2013 00 26 23 -12.181477 43.8368111          2 4.78554344                 
11 03 2013 02 55 20   -18.9695 46.7442436         25 1.61021245                 
11 03 2013 03 03 52 20.7697601 72.5020599         33       -999                 
11 03 2013 14 54 32 59.7964706 71.7063293         33       -999                 
12 03 2013 13 25 14 -19.071455 46.7199593          2 1.48481238                 
12 03 2013 05 09 57 -19.098188 46.7540169         25 1.32518625                 
13 03 2013 03 07 24 -15.548082 -126.11137         33       -999                 
13 03 2013 07 09 49 -18.874235 46.7649307         25 .696004331                 
13 03 2013 22 38 12 -19.040169 46.7501183          2  1.4268688                 
13 03 2013 14 20 08 -19.119577 46.7512245         25 1.14961946                 
13 03 2013 13 00 16 -18.098181  49.502533         25 2.84378338                 
14 03 2013 09 03 12 -18.897474 48.3416977         25 1.76752484                 
14 03 2013 20 10 58 -16.824965 49.3987579        200 2.97340155                 
14 03 2013 12 55 08 -19.532555 48.7727203         60 2.25963092                 
14 03 2013 12 34 54  -19.05654 46.7495766         25  1.2660197                 
15 03 2013 11 21 53 -19.442965 47.0034523         25 1.45287156                 
15 03 2013 09 57 00       -999       -999       -999       -999                 
15 03 2013 16 43 32       -999       -999       -999       -999                 
16 03 2013 10 33 22 -38.511253 -38.545238         33       -999                 
16 03 2013 16 39 28 -17.446915 48.4180984         25  2.4037838                 
16 03 2013 14 01 48 -18.941051 46.6608238         60 1.54720354                 
17 03 2013 04 54 50 -17.220076 47.9755325         25  2.5443604                 
17 03 2013 04 57 03  -20.87969 47.9434509         25 4.09462643                 
17 03 2013 18 16 18 -20.848309 47.6526718         60 2.34065557                 
17 03 2013 05 13 29 -16.692072  47.913269         25 2.42546415                 
17 03 2013 05 28 32  -17.68548 47.0883446          2 2.41432905                 
18 03 2013 08 37 13 -34.130089 38.0605316         33       -999                 
18 03 2013 09 55 49 -23.636415 49.2904587          2 3.01920128                 
18 03 2013 21 50 50  -16.27961 48.0966949         25 3.48700809                 
18 03 2013 23 43 07 .694577396 130.031784         33       -999                 
19 03 2013 01 20 01 -20.839399 47.8473282         25  3.1560998                 
19 03 2013 03 28 53 -55.657906 -26.443388         33       -999                 
19 03 2013 23 27 52 .652256489 126.928635         33       -999                 
19 03 2013 00 58 19 -18.331509 48.2000885         60 2.73445225                 
19 03 2013 17 48 46 -18.906036 81.1755066         33       -999                 
19 03 2013 03 49 00 58.4061127 -150.18817         33       -999                 
20 03 2013 18 26 29 -19.062397 46.6958199         25 1.42744827                 
20 03 2013 22 26 34 -18.428257 46.3370323          2 1.03626859                 
20 03 2013 00 46 22 -19.147678 46.7846527         25 1.50023055                 
20 03 2013 22 08 13       -999       -999       -999       -999                 
20 03 2013 04 15 21 -17.914562 48.4294968         60 2.56186175                 
20 03 2013 05 22 05 -12.441204 42.7096252          2 5.25724649                 
20 03 2013 02 04 00       -999       -999       -999       -999                 
21 03 2013 02 08 02 -17.218714 48.7510147         60 3.13656092                 
21 03 2013 08 34 49 -18.835712  48.471405         25 2.29526043                 
21 03 2013 08 25 55  -17.17498 48.5650253          2 3.85805798                 
21 03 2013 10 54 32 -19.180069 47.6315994 13.3072195 1.43229687                 
22 03 2013 12 51 29 -18.534807 46.7191544         60 2.01272464                 
22 03 2013 14 09 44 49.5424728 -151.55161         33       -999                 
22 03 2013 23 35 55 -17.081587 48.0531654          2 2.60725617                 
22 03 2013 06 24 40  -18.58102 46.7158737 34.1686745 1.41102052                 
22 03 2013 13 19 22 -19.045736 46.7614365         25 1.51048255                 
22 03 2013 05 06 52 -17.565371  45.664669          2 2.32803607                 
23 03 2013 11 43 02 -18.989052 46.6968193         25 1.55631316                 
23 03 2013 01 58 12 -26.668272 45.2940178          2  4.5041194                 
24 03 2013 03 25 55 -17.718882 48.2048988         25 2.77303815                 
24 03 2013 10 09 54 -18.937176 46.6978188         25 1.65437663                 
24 03 2013 11 56 48 -18.999062 46.6767044         25  1.4775933                 
24 03 2013 17 44 43 -13.422926 46.9560699          2 3.53361511                 
24 03 2013 20 30 00          0          0          0          0                 
24 03 2013 10 00 03 -19.003286 46.6958809         25 1.55084431                 
24 03 2013 10 31 55 -18.972109 46.6880341         25 1.70006084                 
24 03 2013 15 06 53 -18.396585  47.457386          2 1.73302197                 
24 03 2013 20 30 32 -19.641685 47.7756157        100 1.80115187                 
24 03 2013 21 44 05 -20.028019 47.1590424         25 2.36014962                 
25 03 2013 23 01 30 40.8234177 -111.09982         33       -999                 
25 03 2013 21 24 42 -19.023703 46.7362747         25 1.74052882                 
25 03 2013 23 04 41 16.9515438  -106.6489         33       -999                 
25 03 2013 20 19 40 -18.836765 46.8238487 35.1673927  1.1141504                 
25 03 2013 08 37 40 -3.8618324 58.6475601         33       -999                 
26 03 2013 09 48 42 -23.773458 44.4550323          2 4.76158667                 
26 03 2013 09 59 04 -40.512703 42.9273643         33       -999                 
26 03 2013 12 00 26 -19.420063 47.3944244          2 1.50003147                 
26 03 2013 21 29 48 -19.032457 46.7328415         25 1.67403245                 
26 03 2013 09 55 08  -23.64253 44.6749001          2 4.06718779                 
26 03 2013 10 31 35 -20.230927 47.2341652          2 2.09697127                 
26 03 2013 12 45 04 26.2170219 -133.98105         33       -999                 
26 03 2013 17 25 20 -16.792355  108.42878         33       -999                 
26 03 2013 21 14 42 -19.273575  46.770607          2 1.91509795                 
26 03 2013 13 19 27 -51.294956 -58.739563         33       -999                 
27 03 2013 20 28 13 -21.254488 45.6602859         10 2.75106382                 
27 03 2013 02 02 46 25.7342873 128.907501         33       -999                 
27 03 2013 05 50 18  1.4150281 -122.18676         33       -999                 
27 03 2013 06 42 27  -51.98077 -30.765478         33       -999                 
27 03 2013 12 03 52 -17.018215 48.6537056          2 2.64501119                 
27 03 2013 05 01 57 -19.938019 46.6967964         60 2.05655336                 
28 03 2013 03 59 23 -18.293821 47.6544647          2 2.15615344                 
28 03 2013 16 50 57 -20.703606 48.2810555         25 3.09313488                 
28 03 2013 09 34 46 -18.850208 48.5514336         25 2.53215528                 
28 03 2013 04 48 19 -17.653616 47.6213531        100 2.90610623                 
29 03 2013 08 53 39 -17.787107 48.4798241         25  2.7003932                 
29 03 2013 16 22 20 -19.047464 46.7364426         25 2.10082054                 
29 03 2013 10 13 01 -19.262514 46.7132111         25 2.01574016                 
29 03 2013 05 00 10 61.3606224 76.4504013         33       -999                 
30 03 2013 13 54 23 -19.045864 46.7299309         25 2.04718494                 
30 03 2013 12 52 05 -19.219572 46.6376419         25 3.50093532                 
01 04 2013 18 42 28 -14.647741 44.1771584        200 3.62694693                 
02 04 2013 11 01 36 -39.082264 46.3565979         33       -999                 
02 04 2013 12 55 40 -44.772144  53.014946         33       -999                 
02 04 2013 14 35 09 -39.332821 46.5575676         33       -999                 
02 04 2013 06 52 26 -18.863489 46.7307014         25  1.5905726                 
02 04 2013 01 26 44 -17.704933 47.1247253          2 2.22877669                 
02 04 2013 03 26 01 -18.300522 46.7735252          2 2.05676746                 
02 04 2013 04 38 09 -18.499596 47.6089668         25 1.90932357                 
02 04 2013 15 13 33 -9.7491293 127.972466         33       -999                 
03 04 2013 03 01 42 -18.389441 44.3466682          2 2.72689533                 
03 04 2013 03 37 58 -20.044994 46.8032799          2 2.15977311                 
03 04 2013 21 46 42 -19.389551 46.9405746         25 1.85423386                 
03 04 2013 16 35 30 20.0075893  98.187851         33       -999                 
03 04 2013 04 14 21   -18.1192 46.4722672         25 1.91472733                 
04 04 2013 16 40 42 -18.942122 46.7540054         25 1.79391742                 
04 04 2013 15 15 54 21.0297508 101.176186         33       -999                 
04 04 2013 06 30 58 38.2660294 70.6201401         33       -999                 
04 04 2013 02 27 08 12.8337965  122.10923         33       -999                 
04 04 2013 15 41 54 -17.833796 47.9810066         25 2.36065912                 
05 04 2013 02 33 51 -17.918158 46.3991394         25 2.17593217                 
05 04 2013 13 00 30 -18.920935 46.6737518          2 1.51111114                 
05 04 2013 17 25 19 52.2552719 -143.45186         33       -999                 
05 04 2013 16 28 05 -18.999477 46.7222595         25 1.61885023                 
05 04 2013 13 12 28 -11.795031 53.3408508         10 4.70121813                 
05 04 2013 22 54 51 36.3207054 72.0227737         33       -999                 
05 04 2013 01 59 05  9.8406477 -90.066841         33       -999                 
05 04 2013 08 40 24 -19.027716 46.7607231          2 1.37703633                 
05 04 2013 12 53 02  36.025753 -166.56685         33       -999                 
05 04 2013 13 09 32 -8.9491806 -113.16492         33       -999                 
05 04 2013 21 16 29  -20.98526 46.5402222         25  2.5216825                 
05 04 2013 00 39 26 -51.547337 -30.535749         33       -999                 
06 04 2013 10 00 59 -15.992377 47.4140015          2 3.29537177                 
06 04 2013 22 05 02 -17.509533 48.5541229          2 2.35195947                 
06 04 2013 19 33 12 -18.568209 48.0124092         25       -999                 
06 04 2013 00 24 44 -17.408468 48.3031654         25 2.42918992                 
06 04 2013 00 54 23 -20.600313 47.3666649          2 2.34437227                 
06 04 2013 01 22 41 -20.103979 46.8767815         25 2.18046856                 
06 04 2013 04 43 11 -9.5112858 132.122437         33       -999                 
06 04 2013 09 07 52 -19.461636 46.9018822         25 1.74574757                 
06 04 2013 09 55 22  -18.22521  46.408989         25 2.38601565                 
06 04 2013 11 25 11 41.0259666 16.6649418         33       -999                 
06 04 2013 11 40 35 -19.081337 46.7295265          2 3.15885854                 
06 04 2013 11 44 35 -19.042635 46.7324944         25 2.40909386                 
06 04 2013 12 33 06 -16.852438 48.4855118          2 3.32189846                 
06 04 2013 19 04 50 -19.032906 46.7544899          2 1.33237898                 
06 04 2013 18 59 23 -19.046078 46.7168808          2 1.46780527                 
07 04 2013 01 42 06 -20.080793 46.8650055          2 1.99588752                 
07 04 2013 02 47 01 -10.539879 41.7962379          2 4.12147522                 
07 04 2013 21 09 33 -17.631638 48.4323959         60 2.68647981                 
07 04 2013 18 29 20 -18.535683 44.3893929          2 2.90007949                 
07 04 2013 18 25 40 -18.388062 44.3369293          2 2.72821879                 
08 04 2013 01 41 19 -17.069002 48.3926353          2 2.60830355                 
08 04 2013 06 24 08 -18.376455 46.8587341          2  3.1341691                 
08 04 2013 22 57 51 -19.218277 47.0718155         25  1.7582674                 
08 04 2013 19 30 55 -19.833599 46.0525589         25 2.16373467                 
08 04 2013 18 53 41  -9.975275  106.90786         33       -999                 
09 04 2013 23 01 17 -29.456892 60.5817528         33       -999                 
09 04 2013 11 52 33   30.87327 53.1683044         33       -999                 
09 04 2013 08 41 36 -20.117746 46.8543663          2 1.91677523                 
09 04 2013 05 54 28 -18.292477 44.4090004         25  2.6142509                 
09 04 2013 12 05 39 28.7656727 52.9905396         33       -999                 
09 04 2013 05 51 00 -18.129038 44.3999214          2 2.70381713                 
09 04 2013 11 00 13 -19.054806 46.6816101         25 1.23439753                 
10 04 2013 22 13 43 -23.759396 47.5615616         10 3.54242659                 
10 04 2013 22 19 13 -20.822725  47.490509        200 2.76491237                 
10 04 2013 22 23 50 -18.172243 43.9672775         25  3.0120306                 
10 04 2013 22 45 35 -19.751696 46.9557037         25 2.00450873                 
10 04 2013 23 10 28 -19.643536 47.0113373          2 1.94507515                 
10 04 2013 22 13 04 -19.764168 46.9826469         25 2.27594256                 
10 04 2013 22 11 05 -19.761372 46.9885674         25 2.53956151                 
10 04 2013 01 21 06 -18.144251 44.6042442          2 2.91265154                 
10 04 2013 01 58 04 31.5573616  53.587925         33       -999                 
10 04 2013 02 26 29 -19.318464 46.9897423         25 1.27368891                 
10 04 2013 06 57 10 -19.074272 46.7443771         25 1.59089136                 
10 04 2013 07 59 39 -40.006451 53.3725204         33       -999                 
10 04 2013 07 53 00          0          0          0          0                 
10 04 2013 09 43 07 -17.397329 47.6633453         25 2.49049187                 
10 04 2013 10 47 29 -19.673248 47.0079346          2 2.02010894                 
10 04 2013 11 16 36 -19.720648 47.0912781          2 1.94900656                 
10 04 2013 11 26 01 -19.733664 47.0098076         25 2.10055661                 
10 04 2013 11 30 50 -19.768728 46.8447342          2 2.18838882                 
10 04 2013 13 11 43 -19.706968 47.0264168         25 2.31233001                 
10 04 2013 17 41 22 -19.682774 46.9999542          2 1.85717165                 
10 04 2013 17 50 05 -18.382982 46.8500519          2 1.73498654                 
10 04 2013 18 07 10 -25.504475 47.9406357        100 3.55711985                 
10 04 2013 18 13 08 -21.270571 46.3713455        100 2.83297348                 
10 04 2013 20 20 36 17.6535072 122.075165         33       -999                 
10 04 2013 20 59 25 18.5823727 123.768814         33       -999                 
10 04 2013 10 52 45 -19.651766 47.1135101         25 1.87332475                 
10 04 2013 01 46 47  -18.04158 44.5775375          2 2.69356132                 
10 04 2013 02 05 06 -18.559732  46.722065 30.5184879 1.59760869                 
10 04 2013 03 58 19 -17.841404 47.9868469         25 2.89740062                 
10 04 2013 07 08 58 42.6389732  54.168087         33       -999                 
10 04 2013 09 27 03 -19.919155 47.6164932         60 1.99427748                 
10 04 2013 10 26 20 -19.121918 46.9961128        200 1.56573534                 
10 04 2013 11 06 16 -19.676115 47.0055656          2 2.28022051                 
10 04 2013 12 41 09 -19.718653 47.0516777         25 2.06629586                 
10 04 2013 12 43 50 -19.654436 47.0786247         25 2.09147096                 
10 04 2013 14 02 34 -18.401062 46.6681976         25 2.72554255                 
11 04 2013 03 46 55 18.4092541 98.1544952         33       -999                 
11 04 2013 11 07 04  -19.73559 47.0215492         25  2.2703259                 
11 04 2013 12 01 28 -29.538792 57.6109543          2  4.6024971                 
11 04 2013 18 25 33 -19.035294 46.7201996          2 1.67146695                 
11 04 2013 14 37 09 -18.585114 44.2251854         25 4.17005157                 
11 04 2013 16 23 44 .440714419 56.2825813         33       -999                 
11 04 2013 17 34 23 -19.045174 46.7696648          2 1.46243048                 
11 04 2013 13 34 52 -19.698608 46.9957771          2 1.96397257                 
12 04 2013 03 02 17 -19.650591 47.0581322          2  1.8499285                 
12 04 2013 02 55 30 -24.194012 50.5062447          2 3.67693281                 
12 04 2013 10 33 52 3.42342901 130.078995         33       -999                 
12 04 2013 19 39 54 -19.060953 46.7508621         25  1.8344537                 
12 04 2013 05 24 39 -21.449839 46.6556931         25 2.91756177                 
12 04 2013 16 11 52  -19.74457 47.0109024         25 1.97566795                 
12 04 2013 03 45 03  17.557703 -106.56184         33       -999                 
13 04 2013 02 26 05 -17.024057 48.0034637         25 3.07206273                 
13 04 2013 03 47 10 -18.612652  46.150856         25  2.6107409                 
13 04 2013 21 12 58 -20.638304 47.7999382          2 2.53314495                 
13 04 2013 22 22 30 -19.039593 46.7379799         25 1.57990694                 
13 04 2013 22 49 11 -18.716732 48.9209328         25 2.54274702                 
13 04 2013 09 23 02 -22.980911 48.6120682          2 3.15557575                 
13 04 2013 22 07 16 -10.410711  133.24733         33       -999                 
14 04 2013 08 10 00          0          0          0          0                 
14 04 2013 23 18 39 -21.045063 46.2421722          2 3.47371602                 
14 04 2013 13 58 00 -18.910463  46.720871          2 1.57084239                 
15 04 2013 10 15 20 -18.983047 46.7598839         25  1.5509727                 
15 04 2013 21 55 35 -18.985249 46.7811241          2 1.33055162                 
15 04 2013 16 38 18 -18.978228 46.7880173          2 1.58376551                 
15 04 2013 11 52 02 -19.838902 46.5194092         25 2.71047068                 
16 04 2013 03 48 26 -1.4170198 127.933182         33       -999                 
16 04 2013 08 33 43  32.218586 98.8143387         33       -999                 
16 04 2013 10 51 24   -17.5982 47.5788803         25 2.50662065                 
16 04 2013 22 56 15 .447838396  130.98877         33       -999                 
16 04 2013 11 04 34 22.8732338 -96.752136         33       -999                 
16 04 2013 20 04 21 -19.403694 47.1307831         25 1.67238414                 
16 04 2013 21 25 20 -17.779509 46.9536629         25       -999                 
16 04 2013 10 44 06 28.6716747 66.8580322         33       -999                 
17 04 2013 01 36 24 -19.661215 46.9056702         10 1.94367945                 
17 04 2013 01 37 06 32.8529968 -162.26329         33       -999                 
17 04 2013 02 43 26 -18.999632  46.770153          2  1.2979815                 
17 04 2013 03 14 47 35.9002876 65.4874802         33       -999                 
17 04 2013 23 10 42 -19.416996 47.1262474         25  1.4821502                 
17 04 2013 06 31 33 -19.586847 47.0576248         25 1.68224168                 
17 04 2013 09 51 11 5.20406389 125.044807         33       -999                 
17 04 2013 12 01 28 -18.934288 48.3516579         60 2.26463819                 
17 04 2013 15 27 36 -18.143368  46.385231         25 2.22899532                 
17 04 2013 04 58 40 17.3140049 -168.78868         33       -999                 
18 04 2013 00 09 35  -19.11544 46.5882034         25 2.44071603                 
18 04 2013 06 09 10  -20.01067 46.0881958         25 2.32820415                 
18 04 2013 08 54 46 -19.275339 46.8407249          2 1.92047691                 
18 04 2013 22 39 00 -12.669724 41.5151367          2 3.89715576                 
18 04 2013 14 01 29 39.1253281 -158.36537         33       -999                 
18 04 2013 21 17 18 -66.465797 74.8177185         33       -999                 
18 04 2013 13 03 20 .366313756 126.741623         33       -999                 
19 04 2013 00 02 34 31.0166149 105.550652         33       -999                 
19 04 2013 00 02 00          0          0          0          0                 
19 04 2013 00 24 46 -20.624193 48.3508911         25 2.57426429                 
19 04 2013 03 00 46 42.5036621 -160.61037         33       -999                 
19 04 2013 03 04 31 13.9802885  -100.9842         33       -999                 
19 04 2013 22 02 24 -17.666622 48.2848549         25 2.44087481                 
19 04 2013 04 34 50  -20.04867 47.3606033         25 1.97221076                 
19 04 2013 10 49 56  -18.80587 46.0060005         25 2.16529822                 
19 04 2013 18 02 47 -18.934225 47.6537819        100       -999                 
19 04 2013 20 06 54 35.2577286 102.501747         33       -999                 
19 04 2013 21 40 36  30.961277 55.9647179         33       -999                 
19 04 2013 03 15 10  4.6055584 -118.55774         33       -999                 
20 04 2013 00 15 56 17.1871796 -141.53494         33       -999                 
20 04 2013 00 36 34  34.410183   109.2024         33       -999                 
20 04 2013 01 02 31 -19.356062 47.2464752         25 1.67126215                 
20 04 2013 01 11 22 33.7553711 107.549171         33       -999                 
20 04 2013 22 50 26 -19.050423 46.7351685         25 1.54245532                 
20 04 2013 04 51 14 -9.8026562 129.088104         33       -999                 
20 04 2013 05 11 58 -56.988892 1.97733521         33       -999                 
20 04 2013 06 20 13 -20.685379 48.2552757         25  2.8613193                 
20 04 2013 20 52 49 40.1063843 109.705566         33       -999                 
20 04 2013 03 33 51 32.5416832 107.225273         33       -999                 
21 04 2013 01 09 07 -19.047565 46.7338867         25 2.53425884                 
21 04 2013 02 42 16  -19.05341 46.7428246         25 1.76394808                 
21 04 2013 03 22 34 22.8449383 125.453438         33       -999                 
21 04 2013 03 35 10 -12.317829 64.8221893         33       -999                 
21 04 2013 03 59 06  34.166069  108.14769         33       -999                 
21 04 2013 04 32 13 -19.047123 46.7443466         25 1.85473907                 
21 04 2013 17 30 44 -18.965307 46.7359467         25 1.34538388                 
21 04 2013 04 59 43 -19.088562 46.7365074          2 1.74690783                 
21 04 2013 09 05 17 30.2247429 104.617554         33       -999                 
21 04 2013 14 01 46 -19.058502  46.747757         25 1.61546886                 
21 04 2013 13 48 01 49.5521698   -149.082         33       -999                 
21 04 2013 13 51 21 47.6180267 -152.31624         33       -999                 
21 04 2013 04 45 06 -19.048426 46.7363281         25 1.87022126                 
22 04 2013 01 16 26 17.4314651 -106.47108         33       -999                 
22 04 2013 13 39 43 -18.763065 46.3445625         25 1.74509025                 
22 04 2013 08 51 25 -17.057467 41.9928627          2 3.22447038                 
23 04 2013 15 29 53 -19.051733 46.7329407         25 2.63911462                 
23 04 2013 12 50 20  -19.28524 46.8405609          2       -999                 
23 04 2013 12 20 36 -17.317392 45.9955025         25 2.21215773                 
23 04 2013 15 27 54 -19.046633 46.7262459         25  1.9107008                 
23 04 2013 15 29 53 -19.052452   46.73032 16.4483719 2.62200522                 
23 04 2013 13 21 23 -19.282921 46.8383904          2 2.34703302                 
24 04 2013 07 10 23 -18.075071 46.5649147         25 2.23675418                 
24 04 2013 09 25 32 32.9744148 70.8660431         33       -999                 
24 04 2013 18 49 55  -19.04533  46.729641         25 2.11496806                 
24 04 2013 15 05 33  -19.09234 46.7206268          2 2.04596567                 
24 04 2013 10 29 46 -19.027031 46.7472153         25 1.45745361                 
25 04 2013 14 35 00 -19.283133 46.9260178         25 1.89138961                 
25 04 2013 23 04 28 -19.060373 46.7442856          2 1.40801752                 
25 04 2013 19 32 23 -17.931274 46.6233559         25 2.08826947                 
26 04 2013 00 03 32 -19.090364 46.6756439          2 1.44688547                 
26 04 2013 00 05 01 -19.076452 46.6894035          2 1.48795807                 
26 04 2013 13 13 56 -18.115229  47.749958         25 2.30412745                 
26 04 2013 11 59 02 -18.993542 35.2209625          2 4.55517387                 
26 04 2013 02 09 52 -17.529871 48.6934052         25 2.63345003                 
27 04 2013 06 20 45 -19.932093  46.288929          2 2.47394419                 
27 04 2013 16 28 50 -20.103773 46.9325867         25  2.0237968                 
27 04 2013 13 46 52 -18.696577 46.7411804        200 1.75497341                 
27 04 2013 09 57 24 -17.605713 47.5656128         25 2.48122168                 
28 04 2013 06 01 11 -10.460027 -148.92943         33       -999                 
28 04 2013 10 34 08 -18.294834 47.7110825         25 2.07528043                 
28 04 2013 10 31 09 -20.012566 46.9558716         25  2.2202909                 
29 04 2013 09 22 51  -19.04393 46.7319527          2 1.45102859                 
29 04 2013 20 06 01 -14.086293 45.9590607        200  3.0535953                 
29 04 2013 17 36 13 -18.418812 47.7451477         25  2.1091671                 
29 04 2013 10 30 34 18.2694798 -101.18359         33       -999                 
30 04 2013 10 34 17 -4.6459312 109.139091         33       -999                 
30 04 2013 06 25 16 36.4842796 -28.400301         33       -999                 
01 05 2013 18 30 29 32.9900551 54.1827621         33       -999                 
01 05 2013 06 57 08 33.9432869 75.8356934         33       -999                 
01 05 2013 22 49 30 -20.029022 46.8787842         25 2.84166837                 
02 05 2013 02 32 17 -20.002617 46.8400955         10 2.19990897                 
02 05 2013 00 41 33 -20.010401 46.7987709          2 2.29415774                 
02 05 2013 19 40 57  5.5867877 89.4882813         33       -999                 
02 05 2013 02 45 47 -19.989182  46.842495          2 2.13884664                 
02 05 2013 01 35 19 -20.028172 46.7525177          2  2.2200563                 
03 05 2013 06 18 40 -20.043083 46.8892517         25 2.32201982                 
03 05 2013 09 58 36 -17.506342  42.225563          2 3.25796127                 
04 05 2013 02 30 29  -18.17812 48.1264038         25 2.67521739                 
04 05 2013 15 33 44  -17.70923 48.3530579         25 2.38351202                 
04 05 2013 06 30 47 -21.389378 101.677742         33       -999                 
04 05 2013 04 29 01 -18.998978  46.681015         25  1.7537992                 
05 05 2013 05 55 36 -19.421148 46.8268661          2 1.70552063                 
05 05 2013 06 02 12 -16.488348 46.8408585         25 3.05404353                 
05 05 2013 12 12 27 -23.020552  40.444519          2 3.74968934                 
05 05 2013 18 23 31 -19.298063 46.9018593         25 1.65156877                 
05 05 2013 22 28 27  -22.12141 49.7586479          2 3.01050997                 
05 05 2013 08 08 29 -22.099937 48.6279488          2 2.83111334                 
06 05 2013 16 49 29 -19.875847 47.0169983          2 1.82604313                 
06 05 2013 00 32 58 -18.825951 46.6393204         25 2.55661893                 
06 05 2013 07 22 23 -18.958134 46.7662468         25 1.74333847                 
06 05 2013 22 31 17 -17.461218 48.3163033         60 2.71077228                 
06 05 2013 22 37 50 -19.038088 46.6465302         25 1.63514268                 
06 05 2013 22 05 59 -18.315649 47.7289391          2 1.84110391                 
07 05 2013 03 04 02 -17.633425 48.2773628         10 2.38843369                 
07 05 2013 10 16 30 -17.654676 47.5147476         25 2.38907337                 
07 05 2013 20 18 41 50.6719017 -147.70053         33       -999                 
07 05 2013 15 23 22   -17.5765  48.527401         25 2.58985496                 
07 05 2013 13 46 23 -18.954332 46.7338486          2 1.83410406                 
08 05 2013 05 49 13 -19.238186 48.4131241         60 2.46192336                 
08 05 2013 11 19 10 -17.201458  48.480751         25 2.48296809                 
09 05 2013 12 58 55 -19.036057 46.7388878         25  1.5592047                 
09 05 2013 17 44 11 -12.238234 132.120361         33       -999                 
09 05 2013 20 27 31       -999       -999       -999       -999                 
09 05 2013 21 39 08 -19.086708 46.7307434          2 1.31324685                 
09 05 2013 21 33 06  -19.05909 46.7328682          2 1.32119834                 
10 05 2013 11 13 12 -19.116936  46.923378          2 .965433896                 
10 05 2013 01 18 15 -18.965332 45.0871887          2 2.40284967                 
10 05 2013 11 33 59 -21.419466 47.6712341         25 3.21762204                 
10 05 2013 23 22 29 -18.308821 46.2880363          2 2.17703676                 
10 05 2013 19 55 31 -38.183846 -20.168678         33       -999                 
10 05 2013 20 58 43 37.8325577 69.7040939         33       -999                 
10 05 2013 20 56 00          0          0          0          0                 
10 05 2013 11 58 15 -17.750128 47.4058647        200 1.80664206                 
11 05 2013 02 08 39 23.4190331 57.8068619         33       -999                 
11 05 2013 03 13 48  -10.12078 65.7083893         33       -999                 
11 05 2013 13 53 37 -18.323528 47.8446884         25 2.22041512                 
11 05 2013 23 05 45 -19.994911 46.7711487          2 2.12764525                 
11 05 2013 17 30 24 -18.759241 48.7784081         25 2.29089069                 
11 05 2013 20 45 38  5.2048049 -154.15782         33       -999                 
11 05 2013 22 09 41  -20.04192 46.8933754          2 1.97281325                 
11 05 2013 17 15 29 -19.063295 46.7435265         25 1.54411423                 
12 05 2013 00 13 46 -18.248266 48.6051445         25 2.61822963                 
12 05 2013 00 06 43  29.143631  58.806633         33       -999                 
12 05 2013 00 00 51  -2.677223 120.952194         33       -999                 
12 05 2013 02 16 37 -13.560489 68.4891663         33       -999                 
12 05 2013 10 49 23 54.1233673 -37.187119         33       -999                 
12 05 2013 00 26 56 -19.103552 46.6745491          2 1.64943957                 
13 05 2013 14 40 14 -19.040186 46.7286224         25 2.87501979                 
14 05 2013 04 10 14 -17.194025 48.4563103          2 3.04737854                 
14 05 2013 08 35 09 -18.664047 46.8126907 36.6535568 1.54268885                 
14 05 2013 13 18 11 -12.818612   47.59198        200 3.66818142                 
14 05 2013 15 43 06 -21.416035 47.2928619          2 2.89652729                 
14 05 2013 19 19 11 -4.0938673 87.4016342         33       -999                 
14 05 2013 20 59 03 -19.331135 46.7895317          2 2.10219169                 
14 05 2013 23 18 41 -18.395107 48.7767754         25 2.60201144                 
14 05 2013 09 50 36 -15.737096 50.0891762          2  3.3378799                 
14 05 2013 00 30 15 27.6242218 -177.39445         33       -999                 
15 05 2013 08 16 28 -18.116302 46.3873749         25 2.30512333                 
15 05 2013 15 40 52 -29.623638 57.2577934          2 4.53718042                 
15 05 2013 10 54 24 29.9532051 86.8917465         33       -999                 
16 05 2013 03 34 07 32.3473969 88.0316467         33       -999                 
16 05 2013 08 05 45 -19.008245 47.5707664          2  1.5378983                 
16 05 2013 05 57 02  -55.85593 -8.5810947         33       -999                 
16 05 2013 03 53 13 -17.377642 48.2802353         60 2.79714942                 
17 05 2013 06 39 54 -18.690468 46.1772995         25  3.8076849                 
17 05 2013 22 22 46 -18.323227 46.4197426         25  2.3218503                 
17 05 2013 09 53 42 -17.480804 47.6315765         25 2.65776038                 
17 05 2013 06 43 25 -18.669657 46.1620064         25 2.91623759                 
18 05 2013 05 46 48 40.6232147 -163.96153         33       -999                 
18 05 2013 09 25 03 -18.706974 46.1934242         25 2.20246053                 
18 05 2013 10 05 58 1.84097612 27.6294022         33       -999                 
18 05 2013 04 04 59 -54.290215 11.0084524         33       -999                 
18 05 2013 15 35 39 3.72801375 122.013489         33       -999                 
18 05 2013 22 08 02 -16.841112 45.7602615         60 2.50575233                 
18 05 2013 23 47 05  -17.72958 44.7488251          2 2.59821534                 
18 05 2013 11 06 04 -18.871702 46.9516258 47.6309967       -999                 
19 05 2013 05 28 16 -22.126482  39.661602          2 3.81800389                 
19 05 2013 22 53 49  -17.31765 47.6325188         25  2.4159255                 
19 05 2013 20 43 39  -19.45528 45.9192238          2 2.14022112                 
19 05 2013 12 57 02 -18.985254 46.7691193         25 1.68536913                 
20 05 2013 15 55 21 -18.674881 46.1543541         25 1.86657727                 
20 05 2013 16 53 08 -20.344984 46.8209457          2 2.28672409                 
20 05 2013 07 19 24  20.740694 -168.90126         33       -999                 
20 05 2013 06 47 31 -18.184597 46.3723221         25 2.30532098                 
20 05 2013 17 17 53 35.8126259 71.4242172         33       -999                 
21 05 2013 08 25 43 24.0415077 126.597931         33       -999                 
22 05 2013 02 34 55 -20.624733 46.9701996          2 2.57532406                 
22 05 2013 06 57 00 -19.815052 47.0975342         25 2.08694124                 
22 05 2013 14 33 14 -54.944519 -32.733452         33       -999                 
22 05 2013 08 29 12 -18.361662 47.4261436          2 1.67942083                 
22 05 2013 10 59 50 5.10663986 -111.35983         33       -999                 
22 05 2013 07 14 23  -19.77253  47.136322         25 1.94236016                 
23 05 2013 09 29 15 .931170523 126.238884         33       -999                 
23 05 2013 09 00 39 -18.857458 48.5266533         25   2.229038                 
23 05 2013 14 00 21 -18.762831 46.7314415         25 1.39925575                 
23 05 2013 14 09 13 36.9973526 18.6817913         33       -999                 
23 05 2013 17 22 06 -1.1172874 76.8075104         33       -999                 
23 05 2013 17 18 00          0          0          0          0                 
23 05 2013 04 53 55 -19.647106 47.0290833         25 2.88328743                 
23 05 2013 17 37 26 37.9965363 20.3884277         33       -999                 
23 05 2013 21 06 44 -5.5503325 -152.81311         33       -999                 
23 05 2013 22 44 45 28.5987072 55.8450699         33       -999                 
23 05 2013 00 17 02 -19.145374 46.6221046         25 2.96330214                 
23 05 2013 02 22 10 -17.532467  46.057972         25 2.71969986                 
23 05 2013 17 22 00          0          0          0          0                 
24 05 2013 02 34 24 -18.715208 48.2866325         25 4.04444122                 
24 05 2013 05 53 08 28.9415073 -118.89479         33       -999                 
24 05 2013 17 19 34 -19.590628 46.4647179         25       -999                 
24 05 2013 01 11 26 -54.048759 131.760452         33       -999                 
24 05 2013 05 58 14 -19.159147 47.0070229 159.029541       -999                 
24 05 2013 02 40 00       -999       -999       -999       -999                 
24 05 2013 22 18 46 38.1049042 70.7166595         33       -999                 
24 05 2013 05 03 02 -8.3617496 40.7967453          2       -999                 
24 05 2013 14 56 19 51.7153931 132.101624         33       -999                 
24 05 2013 14 54 43 52.3723335 -171.59506         33       -999                 
24 05 2013 15 19 13 -17.648922 48.0583954          2       -999                 
24 05 2013 15 05 09 -5.7191844  -109.8474         33       -999                 
24 05 2013 04 07 31       -999       -999       -999       -999                 
25 05 2013 12 37 53 -19.135555 46.6587372         25 1.97459137                 
25 05 2013 17 13 37 -19.049036 46.7462273          2  .92232269                 
25 05 2013 17 29 04 -17.861191 46.0779076          2       -999                 
25 05 2013 19 12 54 -19.014833 46.6871681         25 1.37594998                 
25 05 2013 10 32 55 -11.136209  127.18367         33       -999                 
25 05 2013 13 43 27 -20.111723 45.0174332         60       -999                 
26 05 2013 07 50 26 -17.391539 48.0661812         25 3.73460197                 
26 05 2013 06 09 48 -18.779737 47.2160988          2 .829423964                 
26 05 2013 21 32 03 -17.187084 47.8579369         25 2.34865236                 
26 05 2013 14 03 00       -999       -999       -999       -999                 
26 05 2013 06 08 13 40.4025688 67.4545059         33       -999                 
27 05 2013 13 02 39 -17.585064 47.5584335         25 2.79959941                 
27 05 2013 17 05 02 -19.156353 46.6138344         25 1.79306936                 
27 05 2013 00 43 10 -18.687838 46.8619347 14.4046745 .822275221                 
27 05 2013 06 31 39 -18.948763 46.7488861         25 2.18341064                 
27 05 2013 03 17 20 -19.062952  46.722538         25       -999                 
27 05 2013 03 27 56 -21.189278 47.0896416          2 2.57058644                 
27 05 2013 03 36 45 13.6023235 50.0727463         33       -999                 
27 05 2013 02 49 21 -19.398762 46.7226982         25 2.13940382                 
28 05 2013 12 29 07 -36.464901 39.0445137         33       -999                 
29 05 2013 14 48 57 -37.399071 34.4361191         33       -999                 
29 05 2013 01 53 57 -17.634308 45.6002007          2 2.42813969                 
29 05 2013 20 15 55 -19.283262 46.7136917         25 2.17848492                 
30 05 2013 21 31 00 -18.286921 46.3369942         25 2.01497698                 
31 05 2013 02 04 36 -19.099539 46.6586189          2       -999                 
31 05 2013 02 56 04 -19.017504 46.6673317         25 1.96525288                 
31 05 2013 16 26 12 -16.538485 43.8352776         25  2.6129539                 
31 05 2013 06 12 20 -17.898899 46.0625305          2 2.20892644                 
31 05 2013 14 10 27 -18.203449  47.390213          2 1.73163331                 
31 05 2013 11 02 18 -17.557188 47.4123116         25 2.30065536                 
01 06 2013 14 10 05 4.66245937 126.574066         33       -999                 
01 06 2013 18 49 59 -19.069836 46.6934052          2 1.45290923                 
01 06 2013 05 19 08 25.9550419  96.022583         33       -999                 
01 06 2013 07 23 00          0          0          0          0                 
01 06 2013 01 32 49 6.82023525 -155.21477         33       -999                 
01 06 2013 19 01 00       -999       -999       -999       -999                 
02 06 2013 00 43 15 -18.687609 48.0267296         25 1.89792943                 
02 06 2013 20 08 29 4.62225771 125.494469         33       -999                 
02 06 2013 20 08 43 -16.824295 49.7169228          2       -999                 
02 06 2013 05 35 55 22.1389084 -168.79272         33       -999                 
03 06 2013 18 46 00  -19.40444 47.1124687         25 1.60897112                 
04 06 2013 02 01 32 -18.693144 46.1384659         25  2.3963604                 
04 06 2013 17 57 28 -17.055653 45.9789848         25 2.65928817                 
04 06 2013 16 00 40 -18.174824 47.5836067          2 2.36342025                 
05 06 2013 10 27 44 -18.784939 47.9846916         25 1.89778972                 
05 06 2013 14 07 09 -20.648949 46.0659409         25 2.73428655                 
05 06 2013 20 41 01 -18.039595 46.0609894         25 2.46494555                 
05 06 2013 10 00 08   -18.9258  48.478363          2       -999                 
05 06 2013 00 43 15 40.2525063 99.8039169         33       -999                 
05 06 2013 04 54 38 -17.556936 47.9055672         25 2.52046919                 
05 06 2013 11 28 56 -17.662649 47.5662308         25  2.3638823                 
05 06 2013 04 46 16 28.8065948 -103.23939         33       -999                 
06 06 2013 09 37 40 -17.147568 42.0777283          2 3.63015223                 
06 06 2013 20 49 25 -17.099768 48.0709038          2 2.99430418                 
07 06 2013 20 12 56 -44.886177  -20.05888         33       -999                 
07 06 2013 16 37 42 23.3052311 127.811249         33       -999                 
08 06 2013 03 19 47 -12.290926 36.9130821          2       -999                 
08 06 2013 17 32 38 -18.679575 46.1600342         25 1.80127406                 
08 06 2013 12 30 13 -18.260395  47.642971         25 2.11211824                 
09 06 2013 00 29 28  -19.01276 46.6885338         25 1.21958768                 
09 06 2013 00 37 03 -38.153824 37.4906006         33       -999                 
09 06 2013 01 05 04 -17.723555 45.8199959         25 2.91935253                 
09 06 2013 23 34 07 -19.903173 45.9479561          2 2.53201032                 
09 06 2013 11 39 19 -16.924068 47.4773369          2 2.40356541                 
09 06 2013 14 22 59 -29.670385 124.703552         33       -999                 
09 06 2013 19 05 50 -17.779936 45.7394791          2 3.75154614                 
09 06 2013 02 24 02 -17.801054 45.7712784         25 3.08348608                 
10 06 2013 06 25 47 -17.779501 47.9763412         25 3.25301504                 
11 06 2013 10 55 27 -17.540838 47.4703484         25  2.3632338                 
11 06 2013 23 16 09 -19.360634 46.9962425         25 2.67173004                 
12 06 2013 04 10 10 -10.429836 46.3218842          2 5.00130033                 
13 06 2013 20 29 37 -17.808996 44.6058578         10       -999                 
13 06 2013 13 37 30 -18.305153 47.5136757         60 2.14033985                 
13 06 2013 17 20 54  -59.25436 171.085098         33       -999                 
13 06 2013 17 19 38 -8.6654129 8.37343216         33       -999                 
13 06 2013 16 47 52 -14.980158 104.665543         33       -999                 
14 06 2013 12 36 35 -18.310026 47.6964111          2 1.64756727                 
14 06 2013 04 37 59 -19.010662 47.6317406         25 1.14599717                 
14 06 2013 13 04 00       -999       -999       -999       -999                 
15 06 2013 00 41 35 -18.997663  46.702076         25 1.37416339                 
15 06 2013 01 17 52 -18.995577 46.7033615         25 1.57233119                 
15 06 2013 11 19 01 -4.0351257 -149.77293         33       -999                 
15 06 2013 17 57 04 -19.071869 47.3253174 48.2216263   1.084023                 
15 06 2013 15 03 15 -19.009712 48.4092751          2 2.19713902                 
15 06 2013 16 10 45 40.4603539   39.28862         33       -999                 
15 06 2013 17 42 00 -11.093132 -30.635515         33       -999                 
15 06 2013 13 00 06 -19.051905 46.7251587         25 2.01220942                 
16 06 2013 02 50 45 -48.965935 -38.253162         33       -999                 
16 06 2013 05 18 40   25.93223 -115.83026         33       -999                 
16 06 2013 06 08 26 -19.183043 47.0172882 48.7495842 .957606196                 
16 06 2013 23 30 15 -10.367232 45.2025642          2 3.87769032                 
16 06 2013 21 38 18 38.2261009 15.7468176         33       -999                 
16 06 2013 22 51 13  -19.44384 46.9544792         10 1.34785044                 
16 06 2013 10 12 08 -18.145828  47.842041          2 2.84735179                 
17 06 2013 03 54 15 -20.740797 45.5302086         25 2.58230543                 
17 06 2013 11 24 00       -999       -999       -999       -999                 
17 06 2013 11 48 10 -18.139709 46.4069366          2 2.36383295                 
17 06 2013 11 22 44 -31.787399 43.6445427         10 4.54244041                 
18 06 2013 16 49 43 -18.323057 46.0104942         25 2.28703046                 
19 06 2013 09 57 41 -17.517096 47.6110497         25 2.69618225                 
20 06 2013 05 47 52 -21.519352 40.6558838          2 3.86305404                 
20 06 2013 05 12 59 -18.136047  45.656353          2 2.70759749                 
21 06 2013 14 26 26 -17.221094 49.1979485          2 3.29840422                 
23 06 2013 11 02 21 -19.525061 47.3818855          2 1.69871891                 
23 06 2013 17 44 22 -18.883619 46.7261963         25 1.53911352                 
24 06 2013 22 04 07  -19.06822 46.7293663         25 1.74127543                 
24 06 2013 22 07 08 -5.2219563 -15.099656         33       -999                 
26 06 2013 18 08 27 -18.302288 48.1509361          2 2.27393031                 
26 06 2013 05 44 46 13.4958792 134.732605         33       -999                 
26 06 2013 22 59 24 .199370533 120.397301         33       -999                 
26 06 2013 20 48 32 -19.086267  46.683075          2 1.64304519                 
27 06 2013 15 52 06 -17.179094 48.7206726          2 2.57967305                 
27 06 2013 15 54 00 -29.966106 56.2616577         10 4.75084448                 
27 06 2013 16 10 00       -999       -999       -999       -999                 
27 06 2013 08 38 02 .387263626 126.477478         33       -999                 
27 06 2013 17 08 16 -18.209208 47.6491814          2 1.92759311                 
28 06 2013 02 39 44 -18.232244 46.4595604         25 3.32869387                 
28 06 2013 11 41 10 19.3215294 88.1775818         33       -999                 
28 06 2013 23 51 48  25.450613 122.243286         33       -999                 
28 06 2013 15 44 22 -18.580364 47.7504387        200 1.67941272                 
28 06 2013 18 24 05 -19.005377  46.690052         25 1.45406449                 
28 06 2013 12 01 22 -19.022625 46.7193222         25 1.31975019                 
29 06 2013 14 34 11 -35.511593 51.4277725         33 4.46495056                 
29 06 2013 12 02 40 -20.498238 48.7837029        200 2.68448067                 
30 06 2013 22 40 54 -19.301615 46.6210213         25 1.83082986                 
30 06 2013 21 50 25 -19.083267  46.678627          2 1.79012144                 
01 07 2013 23 00 10  -16.48114 40.9512978          2 3.09806037                 
01 07 2013 09 00 08 -18.342728 47.6607895         25 2.05935359                 
01 07 2013 16 54 59  -18.98815 46.6540146         25 1.91103673                 
01 07 2013 19 44 49 -17.462435 48.4147758         25 2.12150717                 
01 07 2013 23 52 06       -999       -999       -999       -999                 
01 07 2013 08 42 00          0          0          0          0                 
01 07 2013 18 48 45 -17.669588 46.4930992         25 1.87315249                 
01 07 2013 23 38 21 -22.340942 48.3665085          2       -999                 
02 07 2013 07 33 50 -18.379068 47.6632652         60 1.33405268                 
02 07 2013 07 36 51 5.33330345  98.654129         33       -999                 
02 07 2013 08 45 56 -18.379782  47.555275          2 1.42103398                 
02 07 2013 13 55 22 4.96190548 99.6985397         33       -999                 
02 07 2013 13 32 27  6.6087203 27.5025082         33       -999                 
02 07 2013 06 40 05 -18.335005 46.5203705         25 2.75293994                 
02 07 2013 08 58 03 -19.035801  47.437439          2 .857768655                 
02 07 2013 09 58 00          0          0          0          0                 
02 07 2013 11 06 54 16.3206749 -125.70281         33       -999                 
02 07 2013 15 36 30 4.78495264 99.7366409         33       -999                 
03 07 2013 08 30 24 -18.807562 48.7040634          2 2.33289933                 
03 07 2013 10 20 31 -18.355623   47.70784         25 1.92247617                 
03 07 2013 11 46 02 -18.791634 47.4328041          2       -999                 
03 07 2013 13 37 33 -14.064416 45.1960754          2       -999                 
03 07 2013 06 13 00 -17.233646 48.4839783          2 2.41236162                 
03 07 2013 22 21 36 5.99646711 28.0103073         33       -999                 
03 07 2013 22 17 00       -999       -999       -999       -999                 
03 07 2013 07 04 09 34.5662842 70.6610718         33       -999                 
03 07 2013 19 21 37 2.76161599 30.3037434         33       -999                 
04 07 2013 05 26 24 -29.896282 58.2993546         10  4.3187027                 
04 07 2013 17 20 12  38.551342 48.5077095         33       -999                 
04 07 2013 13 40 30 -26.751144  47.771431         10 3.90217209                 
05 07 2013 15 45 41 -19.004351 46.6832733          2 1.60243261                 
05 07 2013 05 51 41 -7.6497684 71.5583572         33       -999                 
06 07 2013 05 03 58 .088385589 109.710876         33       -999                 
06 07 2013 09 31 56 -17.485382 47.4889832         25  2.3733654                 
06 07 2013 23 55 55 -18.806282 46.6078873          2 1.91040516                 
06 07 2013 14 24 08 -19.076834 46.7048874          2 1.66614747                 
06 07 2013 17 02 30  -19.10409 46.6856346          2 1.71619344                 
06 07 2013 11 25 43 -17.895329  45.684906          2 2.68393302                 
07 07 2013 05 57 36 -18.326294 47.8806648          2  1.7913723                 
07 07 2013 18 36 13 -13.415896 138.960541         33       -999                 
07 07 2013 20 41 34 29.9970512 -58.001678         33       -999                 
07 07 2013 20 28 56 31.2949982 104.460014         33       -999                 
07 07 2013 20 31 10 -15.343011 137.189545         33       -999                 
07 07 2013 18 45 09 19.9816875 -96.489433         33       -999                 
08 07 2013 15 04 35 -18.190495 46.3418579         25 2.33985066                 
08 07 2013 10 50 43 -18.788994 49.0286942         25 2.63751149                 
08 07 2013 02 14 18 -13.057512 107.832741         33       -999                 
08 07 2013 23 59 25 -17.677147 48.4473839         60 2.48422337                 
08 07 2013 02 55 56 12.9254417 -97.765022         33       -999                 
08 07 2013 15 29 44 22.9058723 41.1022339         33       -999                 
08 07 2013 02 52 25 18.0974712 -98.075356         33       -999                 
09 07 2013 13 28 31 -20.044369  47.304554 18.8833847 1.98393631                 
09 07 2013 17 03 48 -4.2465048 104.988083         33       -999                 
09 07 2013 17 21 40 -17.479485 48.9474258         60 2.54317141                 
09 07 2013 16 15 36 -18.372641 135.766602         33       -999                 
09 07 2013 01 56 21 -18.147581 48.3517723         60 2.41300964                 
09 07 2013 04 07 59  -18.05002 47.8366432         25 2.28344512                 
09 07 2013 16 01 03 -20.033146 47.3529816         25 2.12240195                 
09 07 2013 22 50 22 -19.083464 46.6758766          2 1.79958618                 
10 07 2013 03 31 34 -18.228008 47.7526741         25 1.74526036                 
10 07 2013 05 23 39 -16.320017 47.9974022          2 4.54811096                 
10 07 2013 05 37 27 -17.754099 47.6240845          2  2.2062304                 
10 07 2013 06 20 19 -19.089624 46.6974564          2 1.87998354                 
10 07 2013 08 30 48 -17.953564 47.5238609          2 2.13075662                 
10 07 2013 10 31 56 -17.751694 45.8807869         25 2.54554296                 
10 07 2013 22 36 12 -19.332819 46.7889252         25 2.10282922                 
10 07 2013 17 05 16 -19.738037 46.9858437         25       -999                 
10 07 2013 17 22 26 -18.328743  47.636467         25 2.06552339                 
10 07 2013 19 13 02 -19.289873 46.7913971          2 1.92468369                 
10 07 2013 19 32 42 -26.324339 62.5823746         33  4.5184083                 
10 07 2013 19 43 09 -18.307693 47.6322136         25 3.50220108                 
10 07 2013 20 16 48 -18.958838  46.762085          2 1.17090774                 
10 07 2013 11 29 50 -19.057592 46.7291336          2 1.75632346                 
11 07 2013 13 18 36 -18.029963 48.4191704         25 2.48970842                 
11 07 2013 13 22 22 -18.332268 46.3670349          2 1.87311542                 
11 07 2013 03 40 03 -18.267759 47.8794327         25  2.5817275                 
11 07 2013 16 20 05 -16.632925 47.1362419          2 2.60511398                 
11 07 2013 09 46 58  7.4753108 47.9358978         33       -999                 
11 07 2013 13 37 02 -19.041946 46.7321892         25 1.68080318                 
12 07 2013 11 49 17 -17.161331 47.6746864         25 4.10486984                 
12 07 2013 07 35 00          0          0          0          0                 
13 07 2013 17 05 44 -19.767103 47.0381355         25 2.32815385                 
13 07 2013 19 03 34 -19.306875 47.2312813         60 1.91276395                 
13 07 2013 19 55 54 -19.568457 47.1475563        100 2.16150808                 
13 07 2013 22 13 03 -19.791649 47.0025291          2 2.14877415                 
13 07 2013 21 41 41 -19.659578 47.0006447          2 1.88997149                 
13 07 2013 22 02 46 -19.994646 47.0556068          2 2.34346294                 
13 07 2013 22 07 26 -19.849739  47.081665        100 2.19239259                 
13 07 2013 20 28 35 -19.692898 47.0041809          2 1.81692994                 
14 07 2013 00 59 45 -20.299137 46.6792564          2 2.61784554                 
14 07 2013 13 52 27 -18.416544 46.5108604         60 1.56562412                 
14 07 2013 02 39 26 -19.492804 47.0880661        100 2.01260281                 
15 07 2013 01 43 36 -19.042225 46.7563858         25 1.49412298                 
15 07 2013 01 44 16 -19.065809 46.7510223         25 2.05931711                 
15 07 2013 01 29 10 3.46768475 122.523773         33       -999                 
15 07 2013 01 50 02 -19.104561 46.5608902         25 1.74107349                 
15 07 2013 01 54 52 -19.032911 46.7331543          2 1.61265552                 
15 07 2013 18 09 56 -20.569088 45.4167633          2 2.53947949                 
15 07 2013 07 49 08 -7.3136101 66.2146835         33       -999                 
15 07 2013 10 16 46   -17.5804 47.5176811         25 2.63049579                 
15 07 2013 13 41 16  23.765234 128.475601         33       -999                 
15 07 2013 14 03 55  -56.18795 -22.164471         33       -999                 
15 07 2013 14 23 12 35.4776459 -161.34174         33       -999                 
15 07 2013 02 33 46 -19.071039 46.7461662          2 1.59608257                 
16 07 2013 07 10 17 -16.810043  47.858242         25 3.17272782                 
16 07 2013 12 22 08 -17.550877 48.1552773         25  2.2461133                 
16 07 2013 15 09 39 -20.743883 47.5979309          2 2.54151034                 
16 07 2013 23 40 43 4.78616762 103.296494         33       -999                 
16 07 2013 21 01 18 -19.738426 46.9821434         25 1.71386898                 
16 07 2013 23 04 16 -40.361603 -38.852795         33       -999                 
16 07 2013 19 42 35 -59.414268 -44.547379         33       -999                 
17 07 2013 15 33 49 -19.975082 47.1564865         25 1.91622269                 
17 07 2013 08 29 55 -19.844877 47.4331551         60  2.1537292                 
17 07 2013 02 54 46 -19.399708 47.1515732         25 1.53630137                 
17 07 2013 23 45 32 -18.212723 46.4282799         25  2.1336906                 
18 07 2013 23 17 42 -19.003664  46.767231          2 1.46081626                 
18 07 2013 09 30 54 -18.980434 46.7553902         25 1.65590608                 
19 07 2013 03 05 28 -19.068607 46.6881638          2 2.25760865                 
20 07 2013 02 55 00 -18.972883  46.726738         25 1.18668771                 
20 07 2013 10 50 23 -20.172331 47.1679001         25 3.10483694                 
20 07 2013 05 16 53 -19.365019 47.0950165         25 1.50295842                 
21 07 2013 01 39 01 .786529779 42.6505508         33       -999                 
21 07 2013 10 53 30  -19.02132 46.7038651         25 1.79221117                 
21 07 2013 09 15 24 -20.391434 46.8164749         25   2.248806                 
21 07 2013 23 45 36 37.5566254 107.562714         33       -999                 
21 07 2013 23 09 24 -18.837893 46.7777634          2 1.25342083                 
22 07 2013 00 05 08 -53.125767 -51.574238         33       -999                 
22 07 2013 01 12 42 34.1927452 103.030022         33       -999                 
22 07 2013 12 33 28 -33.257915 51.4462204          2       -999                 
22 07 2013 07 02 49 -39.543598 37.9663582         33       -999                 
22 07 2013 07 13 00 -16.665966 49.7993851          2 3.09970021                 
22 07 2013 01 48 23 -20.020878 47.3640099         25 1.99400687                 
23 07 2013 18 57 09 -18.316433 47.7693672         25 2.88324428                 
24 07 2013 01 41 22 -19.132252 46.7612305         25 1.74283552                 
24 07 2013 03 31 28  -7.697196 -151.98497         33       -999                 
24 07 2013 23 45 00          0          0          0          0                 
24 07 2013 13 19 48 -18.349319 47.3918648         25 1.82747376                 
24 07 2013 06 31 54 -20.278542 46.5997314          2 2.12330794                 
25 07 2013 03 48 21 -18.966671 46.7900162         25 1.58594453                 
25 07 2013 08 28 24 -18.709522 46.7272034          2 1.59244227                 
25 07 2013 12 26 23 -18.576303 46.5205765         25 1.36494184                 
25 07 2013 21 48 28 -19.080435 46.7398911 16.1077366 1.57748878                 
25 07 2013 18 18 42 -17.560936  46.136692         25 2.54004192                 
25 07 2013 19 11 52 -19.103895 46.7509689         25 1.39893532                 
25 07 2013 13 51 17 -19.049046 46.7506447         25 1.63235283                 
26 07 2013 05 59 20 -19.286486 47.1385307         25 1.82339931                 
26 07 2013 21 32 56 -53.976837 -25.869181         33       -999                 
27 07 2013 05 43 33 -20.694437  45.289196          2 3.16155672                 
27 07 2013 22 18 40 -10.344129  130.98761         33       -999                 
27 07 2013 09 13 08       -999       -999       -999       -999                 
28 07 2013 02 43 34 -18.386148 45.9513664         25   2.137393                 
28 07 2013 03 01 44 -18.215496 47.7230186          2  1.9415648                 
28 07 2013 19 24 02 -17.080132 48.9269371         60 3.43237448                 
28 07 2013 12 37 39  -20.88368 45.1366615          2 2.66949558                 
28 07 2013 05 02 34  -18.99823 46.7055435         25 2.58872581                 
29 07 2013 08 08 02 33.4005737 69.7114182         33       -999                 
29 07 2013 17 05 37 -18.378038 47.5351524         25 1.19735348                 
29 07 2013 21 33 33 37.6777382 51.9123459         33       -999                 
29 07 2013 23 48 00       -999       -999       -999       -999                 
29 07 2013 19 12 11 -18.215944 46.5117683         25  1.7280339                 
30 07 2013 18 41 35 -18.852339 46.7496223         25       -999                 
30 07 2013 17 47 33 -18.980515 46.7000923          2 1.63939321                 
30 07 2013 13 29 43 13.2520914 -97.798401         33       -999                 
30 07 2013 09 13 00 -18.531961 46.3037682         25 1.98020124                 
31 07 2013 08 18 41 -18.174484 46.3706779         25 2.09059048                 
31 07 2013 09 03 57 -20.518991 45.5467377         25 2.67920208                 
31 07 2013 08 30 32 -18.895224  48.413868          2 2.28957129                 
01 08 2013 05 06 02 -17.750229 47.9634094         25  2.4791286                 
01 08 2013 20 01 23 -14.265405 -128.24628         33       -999                 
01 08 2013 10 24 59 -5.1021481 -114.36458         33       -999                 
02 08 2013 01 57 46       -999       -999       -999       -999                 
02 08 2013 01 39 14 -28.260572 60.2538147         33       -999                 
02 08 2013 04 37 48 -21.292202  46.410244         25  2.8781364                 
02 08 2013 23 42 41 -18.729254  46.968132          2 3.12784767                 
02 08 2013 10 02 22 -18.229916 47.3378143         25 2.06019878                 
02 08 2013 15 46 58 -19.692856 46.1544304         25 2.83209538                 
02 08 2013 11 30 11 -18.919268 46.7425385          2 1.68921924                 
03 08 2013 06 35 03 -19.042362 46.7313766         25 2.29195213                 
03 08 2013 06 34 00          0          0          0          0                 
03 08 2013 21 15 06 -18.469503 45.5068893          2 2.88202977                 
04 08 2013 01 29 00 -46.311455 -3.3056521         33       -999                 
04 08 2013 22 33 51 -17.624489 47.4987144         25 2.69704223                 
04 08 2013 21 10 00          0          0          0          0                 
04 08 2013 12 59 54 -18.680408 47.0219879          2 1.66210973                 
05 08 2013 15 39 02 -17.655144 48.3979607         25 3.48732376                 
05 08 2013 09 02 42 -18.543545  46.670681         25 1.83590722                 
06 08 2013 15 31 54 27.5992641 84.2762604         33       -999                 
06 08 2013 11 05 49 -17.766499 47.9227715         25 2.37205338                 
06 08 2013 00 02 54 -20.774439 46.4830933         25 2.71482944                 
06 08 2013 02 07 38 -19.501053  46.937912          2       -999                 
06 08 2013 07 30 08   -19.1105 46.7453804         25 1.79212165                 
07 08 2013 09 07 03 37.9432831 24.1555634         33       -999                 
07 08 2013 15 17 17 -18.285505  46.996151         25 2.18536925                 
08 08 2013 20 21 15 -18.012373 48.1042252         25 2.10603976                 
08 08 2013 04 56 45 -8.7820959 -150.78062         33       -999                 
08 08 2013 08 43 04 -19.319513  46.829361          2 1.99569881                 
08 08 2013 17 03 21 -68.127655 62.2363243         33       -999                 
08 08 2013 10 45 58 -16.002068 113.444908         33       -999                 
08 08 2013 09 15 19 -18.065475 47.5738029         25 2.21053863                 
09 08 2013 23 16 48 -18.868771 46.6722641         25 1.68383837                 
09 08 2013 19 23 35  -12.79497 42.4660912          2 4.45824909                 
09 08 2013 13 46 33 -16.562334 46.6975708         25 2.59388518                 
09 08 2013 03 44 31 -18.983446 46.7298241         25 1.19095778                 
09 08 2013 10 35 05 -17.450623 47.4770813          2  2.3431282                 
09 08 2013 11 51 34 24.4212837 36.7079124         33       -999                 
10 08 2013 11 59 26 -20.095362  46.881134         25  1.8953625                 
10 08 2013 17 21 37 21.3458939 58.0376091         33       -999                 
10 08 2013 09 23 00       -999       -999       -999       -999                 
11 08 2013 23 58 00 32.6138535 107.160156         33       -999                 
11 08 2013 21 23 26 31.0982723 101.022186         33       -999                 
11 08 2013 11 14 00          0          0          0          0                 
11 08 2013 06 39 39 -17.859039 48.1506996         25 2.21926355                 
11 08 2013 06 12 00          0          0          0          0                 
11 08 2013 04 00 00          0          0          0          0                 
11 08 2013 03 31 00          0          0          0          0                 
11 08 2013 03 23 00          0          0          0          0                 
11 08 2013 03 06 02 -24.578564 45.2589951          2 3.57105374                 
11 08 2013 01 54 00          0          0          0          0                 
11 08 2013 16 03 45 -19.034983 46.6864319         25 1.22461998                 
11 08 2013 06 48 33 -13.355492 41.7735367         25 3.81251764                 
12 08 2013 09 48 38   -1.21277 -128.44655         33       -999                 
12 08 2013 00 53 51 -9.4698734 127.479088         33       -999                 
12 08 2013 19 36 47 -18.539871 46.7233467         25 1.11754096                 
12 08 2013 21 58 14  -12.41311 42.7243576         25 3.66110277                 
12 08 2013 11 13 17 -17.111305 49.4587593          2 2.58631706                 
12 08 2013 10 01 25 -17.378384 48.5705795         60 2.27510405                 
12 08 2013 04 32 40 39.1335297  -28.06838         33       -999                 
12 08 2013 00 40 56  -20.02796 47.0908546          2 2.78250027                 
13 08 2013 11 41 32 -17.980047 47.9118805         25  2.0721724                 
13 08 2013 00 45 00       -999       -999       -999       -999                 
13 08 2013 15 05 14 -18.917686 46.7319298         25 1.47046387                 
13 08 2013 15 46 00       -999       -999       -999       -999                 
13 08 2013 16 50 45       -999       -999       -999       -999                 
13 08 2013 18 01 00  -17.21983 48.5135117          2 2.91094995                 
13 08 2013 13 15 39 -18.154947 46.4824524         25 2.01842999                 
13 08 2013 01 29 50 -23.770422 40.7282257          2 3.80593634                 
13 08 2013 07 36 05 -19.379356 47.1242638          2 1.46089554                 
13 08 2013 10 09 57 -18.163176 47.7660599          2 2.12374187                 
14 08 2013 11 29 04 -18.797441 46.6574745         25 1.82343507                 
14 08 2013 21 50 12 -19.027386 46.7315369         25 1.87146497                 
14 08 2013 08 30 28 -18.683521 48.6424103         25   2.391922                 
14 08 2013 20 47 52  -19.02631  46.763092         25 1.33608687                 
14 08 2013 11 57 58 -19.006971 46.7231178         25 1.46527159                 
15 08 2013 00 42 23 -11.539474 44.0142593         60 3.81680274                 
15 08 2013 23 24 28 -19.156218 46.7689934         25 1.82557988                 
15 08 2013 04 05 58 -2.7393506 120.698471         33       -999                 
15 08 2013 17 44 11 -17.077036 47.7956848         25 2.21350908                 
15 08 2013 17 56 56 -17.903381 45.5733147         25 2.59269261                 
16 08 2013 06 09 36    -19.003 46.7127304         25  1.9422158                 
16 08 2013 02 29 19 2.95040298 -95.282356         33       -999                 
16 08 2013 01 56 52 32.4740753  -166.7988         33       -999                 
16 08 2013 00 00 30 -18.171251 46.4832077         25 1.77067125                 